scheme,sec,clr,rec,red,usrcount,sigcount,s-on,s-tot,v-on,v-tot,
ECAO-paper-version,160,0,80,80,10,100,2176,354217,442193,442337,
ECAO-paper-version,160,0,80,80,10,100,2277,352579,440818,440941,
ECAO-paper-version,160,0,80,80,10,100,2175,352810,440581,440738,
ECAO-paper-version,160,0,80,80,10,100,2169,351812,440227,440393,
ECAO-paper-version,160,0,80,80,10,100,2139,352803,441359,441520,
ECAO-paper-version,160,0,80,80,10,100,2405,359351,448005,448154,
ECAO-paper-version,160,0,80,80,10,100,2207,354423,442045,442187,
ECAO-paper-version,160,0,80,80,10,100,2202,352027,439921,440070,
ECAO-paper-version,160,0,80,80,10,100,2181,351643,439312,439451,
ECAO-paper-version,160,0,80,80,10,100,2379,356880,444973,445116,
ECAO-paper-version,192,0,96,96,10,100,2340,455015,538823,538964,
ECAO-paper-version,192,0,96,96,10,100,2351,455797,541491,541626,
ECAO-paper-version,192,0,96,96,10,100,2341,454040,539130,539286,
ECAO-paper-version,192,0,96,96,10,100,2266,450915,535396,535524,
ECAO-paper-version,192,0,96,96,10,100,2341,454137,539705,539854,
ECAO-paper-version,192,0,96,96,10,100,2362,453798,539452,539595,
ECAO-paper-version,192,0,96,96,10,100,2310,455139,540129,540285,
ECAO-paper-version,192,0,96,96,10,100,2368,455790,540883,541040,
ECAO-paper-version,192,0,96,96,10,100,2500,456217,541604,541739,
ECAO-paper-version,192,0,96,96,10,100,2266,450050,535574,535722,
ECAO-paper-version,224,0,112,112,10,100,2411,619301,761588,761733,
ECAO-paper-version,224,0,112,112,10,100,2374,617639,759361,759509,
ECAO-paper-version,224,0,112,112,10,100,2398,613960,755612,755754,
ECAO-paper-version,224,0,112,112,10,100,2444,614582,755273,755403,
ECAO-paper-version,224,0,112,112,10,100,2325,612117,753589,753745,
ECAO-paper-version,224,0,112,112,10,100,2380,614426,756102,756230,
ECAO-paper-version,224,0,112,112,10,100,2409,614732,756686,756818,
ECAO-paper-version,224,0,112,112,10,100,2322,616099,757057,757228,
ECAO-paper-version,224,0,112,112,10,100,2585,621811,766488,766631,
ECAO-paper-version,224,0,112,112,10,100,2429,618342,761652,761794,
ECAO-paper-version,256,0,128,128,10,100,2492,707398,845798,845953,
ECAO-paper-version,256,0,128,128,10,100,2495,715514,849334,849493,
ECAO-paper-version,256,0,128,128,10,100,2594,703682,840296,840437,
ECAO-paper-version,256,0,128,128,10,100,2456,705547,844315,844443,
ECAO-paper-version,256,0,128,128,10,100,2401,704522,840554,840695,
ECAO-paper-version,256,0,128,128,10,100,2459,702999,838727,838860,
ECAO-paper-version,256,0,128,128,10,100,2545,708382,847634,847759,
ECAO-paper-version,256,0,128,128,10,100,2578,714214,850824,850961,
ECAO-paper-version,256,0,128,128,10,100,2431,705968,843603,843746,
ECAO-paper-version,256,0,128,128,10,100,2427,702639,840410,840552,
ECAO-paper-version,384,0,192,192,10,100,4259,1134309,1363099,1363236,
ECAO-paper-version,384,0,192,192,10,100,4111,1131423,1355731,1355862,
ECAO-paper-version,384,0,192,192,10,100,4018,1128370,1353557,1353692,
ECAO-paper-version,384,0,192,192,10,100,4002,1131775,1358981,1359136,
ECAO-paper-version,384,0,192,192,10,100,4065,1128902,1354729,1354865,
ECAO-paper-version,384,0,192,192,10,100,3969,1128260,1353470,1353604,
ECAO-paper-version,384,0,192,192,10,100,4039,1128627,1353165,1353295,
ECAO-paper-version,384,0,192,192,10,100,3988,1129131,1353187,1353337,
ECAO-paper-version,384,0,192,192,10,100,4130,1131602,1356825,1356978,
ECAO-paper-version,384,0,192,192,10,100,4017,1131231,1355284,1355414,
ECAO-paper-version,521,0,256,256,10,100,5963,2133262,2592449,2592581,
ECAO-paper-version,521,0,256,256,10,100,5769,2129440,2584551,2584700,
ECAO-paper-version,521,0,256,256,10,100,5855,2138530,2596020,2596179,
ECAO-paper-version,521,0,256,256,10,100,5517,2132394,2588912,2589065,
ECAO-paper-version,521,0,256,256,10,100,5656,2137692,2593013,2593153,
ECAO-paper-version,521,0,256,256,10,100,5727,2137173,2588684,2588826,
ECAO-paper-version,521,0,256,256,10,100,5783,2134398,2586666,2586795,
ECAO-paper-version,521,0,256,256,10,100,5581,2141068,2605982,2606125,
ECAO-paper-version,521,0,256,256,10,100,5734,2129754,2585198,2585341,
ECAO-paper-version,521,0,256,256,10,100,5646,2129827,2580444,2580589,
ECPV-xor,160,0,80,80,10,100,1449,351556,440326,440476,
ECPV-xor,160,0,80,80,10,100,1425,353456,440526,440662,
ECPV-xor,160,0,80,80,10,100,1430,352110,440002,440143,
ECPV-xor,160,0,80,80,10,100,1525,353905,442022,442171,
ECPV-xor,160,0,80,80,10,100,1456,352917,440512,440657,
ECPV-xor,160,0,80,80,10,100,1683,354466,440793,440930,
ECPV-xor,160,0,80,80,10,100,1451,354476,442399,442532,
ECPV-xor,160,0,80,80,10,100,1470,352381,440717,440861,
ECPV-xor,160,0,80,80,10,100,1495,352830,441369,441510,
ECPV-xor,160,0,80,80,10,100,1499,352591,440862,441006,
ECPV-xor,192,0,96,96,10,100,1225,454248,539750,539878,
ECPV-xor,192,0,96,96,10,100,1244,452204,536837,536989,
ECPV-xor,192,0,96,96,10,100,1240,451573,535654,535788,
ECPV-xor,192,0,96,96,10,100,1270,455984,542213,542338,
ECPV-xor,192,0,96,96,10,100,1305,452322,537385,537532,
ECPV-xor,192,0,96,96,10,100,1288,451983,537338,537470,
ECPV-xor,192,0,96,96,10,100,1205,452608,538241,538392,
ECPV-xor,192,0,96,96,10,100,1220,451166,536353,536500,
ECPV-xor,192,0,96,96,10,100,1265,453529,538247,538383,
ECPV-xor,192,0,96,96,10,100,1383,458349,543913,544065,
ECPV-xor,224,0,112,112,10,100,1789,619445,761360,761490,
ECPV-xor,224,0,112,112,10,100,1705,615274,758840,758981,
ECPV-xor,224,0,112,112,10,100,1780,616838,758202,758339,
ECPV-xor,224,0,112,112,10,100,1650,614554,757607,757751,
ECPV-xor,224,0,112,112,10,100,1662,613430,755423,755570,
ECPV-xor,224,0,112,112,10,100,1714,616880,758761,758913,
ECPV-xor,224,0,112,112,10,100,1721,622601,766216,766345,
ECPV-xor,224,0,112,112,10,100,1687,613963,757055,757204,
ECPV-xor,224,0,112,112,10,100,1746,615993,756751,756890,
ECPV-xor,224,0,112,112,10,100,1746,615260,758012,758138,
ECPV-xor,256,0,128,128,10,100,1527,706177,843531,843682,
ECPV-xor,256,0,128,128,10,100,1449,702888,839539,839679,
ECPV-xor,256,0,128,128,10,100,1412,705216,843176,843318,
ECPV-xor,256,0,128,128,10,100,1387,702637,839897,840052,
ECPV-xor,256,0,128,128,10,100,1450,707509,845668,845798,
ECPV-xor,256,0,128,128,10,100,1788,703691,841666,841830,
ECPV-xor,256,0,128,128,10,100,1459,705833,843946,844086,
ECPV-xor,256,0,128,128,10,100,1494,709590,847104,847239,
ECPV-xor,256,0,128,128,10,100,1555,711144,850658,850799,
ECPV-xor,256,0,128,128,10,100,1466,702841,839703,839857,
ECPV-xor,384,0,192,192,10,100,2258,1129493,1354090,1354232,
ECPV-xor,384,0,192,192,10,100,2150,1128980,1353058,1353202,
ECPV-xor,384,0,192,192,10,100,2196,1138712,1366673,1366803,
ECPV-xor,384,0,192,192,10,100,2226,1131407,1355339,1355472,
ECPV-xor,384,0,192,192,10,100,2210,1131971,1356937,1357081,
ECPV-xor,384,0,192,192,10,100,2183,1128905,1353859,1354012,
ECPV-xor,384,0,192,192,10,100,2243,1129490,1354257,1354409,
ECPV-xor,384,0,192,192,10,100,2233,1131232,1358826,1358952,
ECPV-xor,384,0,192,192,10,100,2298,1131879,1358196,1358340,
ECPV-xor,384,0,192,192,10,100,2345,1137887,1363508,1363657,
ECPV-xor,521,0,256,256,10,100,4571,2129785,2584642,2584772,
ECPV-xor,521,0,256,256,10,100,4720,2143468,2595638,2595771,
ECPV-xor,521,0,256,256,10,100,4713,2139033,2592154,2592306,
ECPV-xor,521,0,256,256,10,100,4632,2135017,2590598,2590739,
ECPV-xor,521,0,256,256,10,100,4609,2137879,2592885,2593029,
ECPV-xor,521,0,256,256,10,100,4830,2139295,2592537,2592710,
ECPV-xor,521,0,256,256,10,100,4783,2149329,2607201,2607346,
ECPV-xor,521,0,256,256,10,100,4646,2134669,2591034,2591169,
ECPV-xor,521,0,256,256,10,100,4749,2130157,2581578,2581740,
ECPV-xor,521,0,256,256,10,100,4614,2122556,2574717,2574868,
ECPV-aes256cbc,160,0,80,80,10,100,1917,353443,440380,440535,
ECPV-aes256cbc,160,0,80,80,10,100,1896,351971,438963,439113,
ECPV-aes256cbc,160,0,80,80,10,100,1859,352570,439697,439844,
ECPV-aes256cbc,160,0,80,80,10,100,1949,352256,440840,440978,
ECPV-aes256cbc,160,0,80,80,10,100,2127,355498,443218,443357,
ECPV-aes256cbc,160,0,80,80,10,100,2031,356528,445732,445890,
ECPV-aes256cbc,160,0,80,80,10,100,2038,356978,444198,444341,
ECPV-aes256cbc,160,0,80,80,10,100,2348,360645,451456,451580,
ECPV-aes256cbc,160,0,80,80,10,100,1912,355546,443192,443321,
ECPV-aes256cbc,160,0,80,80,10,100,2147,358871,446895,447028,
ECPV-aes256cbc,192,0,96,96,10,100,2557,463644,551431,551582,
ECPV-aes256cbc,192,0,96,96,10,100,2193,456352,541929,542100,
ECPV-aes256cbc,192,0,96,96,10,100,2270,461790,548201,548363,
ECPV-aes256cbc,192,0,96,96,10,100,2025,452633,538060,538189,
ECPV-aes256cbc,192,0,96,96,10,100,2004,453990,541164,541301,
ECPV-aes256cbc,192,0,96,96,10,100,1988,451253,537561,537728,
ECPV-aes256cbc,192,0,96,96,10,100,2113,458873,544107,544265,
ECPV-aes256cbc,192,0,96,96,10,100,2203,461622,549804,549951,
ECPV-aes256cbc,192,0,96,96,10,100,2006,457394,539853,539997,
ECPV-aes256cbc,192,0,96,96,10,100,1978,454037,539804,539954,
ECPV-aes256cbc,224,0,112,112,10,100,2073,616066,757416,757536,
ECPV-aes256cbc,224,0,112,112,10,100,2124,615699,757402,757555,
ECPV-aes256cbc,224,0,112,112,10,100,2156,622528,762984,763125,
ECPV-aes256cbc,224,0,112,112,10,100,2176,618195,759142,759303,
ECPV-aes256cbc,224,0,112,112,10,100,2194,620865,764329,764475,
ECPV-aes256cbc,224,0,112,112,10,100,2173,619071,764516,764655,
ECPV-aes256cbc,224,0,112,112,10,100,2115,619461,761465,761604,
ECPV-aes256cbc,224,0,112,112,10,100,2094,617799,760708,760858,
ECPV-aes256cbc,224,0,112,112,10,100,2155,616360,758414,758552,
ECPV-aes256cbc,224,0,112,112,10,100,2157,618191,763175,763341,
ECPV-aes256cbc,256,0,128,128,10,100,2320,705991,841746,841893,
ECPV-aes256cbc,256,0,128,128,10,100,2234,703962,844214,844368,
ECPV-aes256cbc,256,0,128,128,10,100,2306,707709,851086,851202,
ECPV-aes256cbc,256,0,128,128,10,100,2477,705801,843340,843484,
ECPV-aes256cbc,256,0,128,128,10,100,2388,703472,841352,841514,
ECPV-aes256cbc,256,0,128,128,10,100,2264,704402,844933,845085,
ECPV-aes256cbc,256,0,128,128,10,100,2299,708579,845897,846040,
ECPV-aes256cbc,256,0,128,128,10,100,2240,709746,847083,847251,
ECPV-aes256cbc,256,0,128,128,10,100,2297,704910,843308,843465,
ECPV-aes256cbc,256,0,128,128,10,100,2311,708541,844471,844610,
ECPV-aes256cbc,384,0,192,192,10,100,3684,1134717,1358900,1359040,
ECPV-aes256cbc,384,0,192,192,10,100,3704,1140699,1364122,1364272,
ECPV-aes256cbc,384,0,192,192,10,100,3771,1137741,1365904,1366052,
ECPV-aes256cbc,384,0,192,192,10,100,3720,1133230,1357909,1358064,
ECPV-aes256cbc,384,0,192,192,10,100,3881,1139363,1367248,1367411,
ECPV-aes256cbc,384,0,192,192,10,100,3770,1139922,1366943,1367096,
ECPV-aes256cbc,384,0,192,192,10,100,3747,1142260,1369143,1369277,
ECPV-aes256cbc,384,0,192,192,10,100,3668,1137788,1364577,1364716,
ECPV-aes256cbc,384,0,192,192,10,100,3736,1133114,1357224,1357372,
ECPV-aes256cbc,384,0,192,192,10,100,3643,1138550,1365671,1365799,
ECPV-aes256cbc,521,0,256,256,10,100,5083,2139134,2601747,2601888,
ECPV-aes256cbc,521,0,256,256,10,100,5602,2155780,2616623,2616785,
ECPV-aes256cbc,521,0,256,256,10,100,5246,2146064,2602774,2602934,
ECPV-aes256cbc,521,0,256,256,10,100,5435,2149627,2611944,2612113,
ECPV-aes256cbc,521,0,256,256,10,100,5139,2131483,2586418,2586580,
ECPV-aes256cbc,521,0,256,256,10,100,5255,2128834,2585430,2585587,
ECPV-aes256cbc,521,0,256,256,10,100,5551,2162464,2623440,2623593,
ECPV-aes256cbc,521,0,256,256,10,100,5166,2142099,2596254,2596404,
ECPV-aes256cbc,521,0,256,256,10,100,5920,2169920,2632833,2632983,
ECPV-aes256cbc,521,0,256,256,10,100,5053,2137316,2593443,2593619,
ECOMG-plain,160,0,80,80,10,100,1186,359277,433171,433323,
ECOMG-plain,160,0,80,80,10,100,1192,355971,431381,431530,
ECOMG-plain,160,0,80,80,10,100,1379,359601,432476,432640,
ECOMG-plain,160,0,80,80,10,100,1257,358699,431170,431321,
ECOMG-plain,160,0,80,80,10,100,1207,354435,427781,427910,
ECOMG-plain,160,0,80,80,10,100,1157,352355,425691,425829,
ECOMG-plain,160,0,80,80,10,100,1219,353354,426510,426644,
ECOMG-plain,160,0,80,80,10,100,1210,361671,436715,436849,
ECOMG-plain,160,0,80,80,10,100,1240,358264,433512,433642,
ECOMG-plain,160,0,80,80,10,100,1167,355725,428558,428692,
ECOMG-plain,192,0,96,96,10,100,1301,455808,539177,539325,
ECOMG-plain,192,0,96,96,10,100,1262,455631,538690,538851,
ECOMG-plain,192,0,96,96,10,100,1266,453353,537049,537182,
ECOMG-plain,192,0,96,96,10,100,1268,456516,542906,543054,
ECOMG-plain,192,0,96,96,10,100,1307,452393,537422,537568,
ECOMG-plain,192,0,96,96,10,100,1293,458152,543574,543736,
ECOMG-plain,192,0,96,96,10,100,1362,462038,545139,545285,
ECOMG-plain,192,0,96,96,10,100,1285,459458,544254,544396,
ECOMG-plain,192,0,96,96,10,100,1228,460585,546375,546518,
ECOMG-plain,192,0,96,96,10,100,1279,460419,545294,545456,
ECOMG-plain,224,0,112,112,10,100,1323,617701,742751,742893,
ECOMG-plain,224,0,112,112,10,100,1372,624339,749072,749211,
ECOMG-plain,224,0,112,112,10,100,1355,620661,744413,744557,
ECOMG-plain,224,0,112,112,10,100,1315,613694,738281,738408,
ECOMG-plain,224,0,112,112,10,100,1305,622977,747635,747783,
ECOMG-plain,224,0,112,112,10,100,1358,624593,748557,748701,
ECOMG-plain,224,0,112,112,10,100,1324,615565,737884,738025,
ECOMG-plain,224,0,112,112,10,100,1309,618839,742003,742161,
ECOMG-plain,224,0,112,112,10,100,1398,624703,750903,751036,
ECOMG-plain,224,0,112,112,10,100,1346,624056,748979,749125,
ECOMG-plain,256,0,128,128,10,100,1460,714284,852346,852473,
ECOMG-plain,256,0,128,128,10,100,1482,714649,854747,854878,
ECOMG-plain,256,0,128,128,10,100,1416,704799,840281,840445,
ECOMG-plain,256,0,128,128,10,100,1482,704888,840947,841097,
ECOMG-plain,256,0,128,128,10,100,1406,703532,839230,839368,
ECOMG-plain,256,0,128,128,10,100,1403,715089,851852,852003,
ECOMG-plain,256,0,128,128,10,100,1398,707665,844802,844970,
ECOMG-plain,256,0,128,128,10,100,1400,714993,850714,850851,
ECOMG-plain,256,0,128,128,10,100,1365,707388,843416,843543,
ECOMG-plain,256,0,128,128,10,100,1450,716431,854377,854543,
ECOMG-plain,384,0,192,192,10,100,2167,1147718,1373102,1373279,
ECOMG-plain,384,0,192,192,10,100,2249,1145497,1371559,1371692,
ECOMG-plain,384,0,192,192,10,100,2254,1150237,1379858,1380004,
ECOMG-plain,384,0,192,192,10,100,2193,1150524,1379418,1379555,
ECOMG-plain,384,0,192,192,10,100,2171,1129951,1354323,1354464,
ECOMG-plain,384,0,192,192,10,100,2165,1129050,1352748,1352878,
ECOMG-plain,384,0,192,192,10,100,2164,1132081,1354838,1354984,
ECOMG-plain,384,0,192,192,10,100,2130,1124698,1348283,1348424,
ECOMG-plain,384,0,192,192,10,100,2135,1125221,1348709,1348845,
ECOMG-plain,384,0,192,192,10,100,2143,1127477,1350941,1351080,
ECOMG-plain,521,0,256,256,10,100,3372,2122687,2552279,2552402,
ECOMG-plain,521,0,256,256,10,100,3547,2127751,2558646,2558805,
ECOMG-plain,521,0,256,256,10,100,3316,2120910,2553406,2553543,
ECOMG-plain,521,0,256,256,10,100,3389,2124536,2555352,2555499,
ECOMG-plain,521,0,256,256,10,100,3368,2122830,2553401,2553541,
ECOMG-plain,521,0,256,256,10,100,3344,2122477,2555502,2555634,
ECOMG-plain,521,0,256,256,10,100,3388,2136694,2568839,2568998,
ECOMG-plain,521,0,256,256,10,100,3454,2148971,2587774,2587942,
ECOMG-plain,521,0,256,256,10,100,3557,2142121,2576741,2576898,
ECOMG-plain,521,0,256,256,10,100,3385,2155521,2588769,2588915,
ECOMG-xor,160,0,80,80,10,100,1502,359376,433070,433212,
ECOMG-xor,160,0,80,80,10,100,1498,360929,434828,434981,
ECOMG-xor,160,0,80,80,10,100,1517,355207,428585,428725,
ECOMG-xor,160,0,80,80,10,100,1488,356291,429608,429729,
ECOMG-xor,160,0,80,80,10,100,1494,357057,430302,430436,
ECOMG-xor,160,0,80,80,10,100,1503,356915,429626,429762,
ECOMG-xor,160,0,80,80,10,100,1487,354526,427390,427534,
ECOMG-xor,160,0,80,80,10,100,1498,356769,429837,429997,
ECOMG-xor,160,0,80,80,10,100,1564,358793,432594,432732,
ECOMG-xor,160,0,80,80,10,100,1490,356147,428864,428985,
ECOMG-xor,192,0,96,96,10,100,1221,453845,538443,538598,
ECOMG-xor,192,0,96,96,10,100,1220,455740,540391,540525,
ECOMG-xor,192,0,96,96,10,100,1236,454853,538787,538946,
ECOMG-xor,192,0,96,96,10,100,1221,455260,539479,539616,
ECOMG-xor,192,0,96,96,10,100,1256,455550,540721,540851,
ECOMG-xor,192,0,96,96,10,100,1209,455490,540192,540326,
ECOMG-xor,192,0,96,96,10,100,1216,454269,539821,539959,
ECOMG-xor,192,0,96,96,10,100,1236,450606,535339,535463,
ECOMG-xor,192,0,96,96,10,100,1224,457944,543343,543479,
ECOMG-xor,192,0,96,96,10,100,1264,457561,543933,544091,
ECOMG-xor,224,0,112,112,10,100,1725,631960,758680,758823,
ECOMG-xor,224,0,112,112,10,100,1775,617355,739555,739715,
ECOMG-xor,224,0,112,112,10,100,1735,622224,745684,745821,
ECOMG-xor,224,0,112,112,10,100,1740,626996,751604,751747,
ECOMG-xor,224,0,112,112,10,100,1626,618053,742577,742707,
ECOMG-xor,224,0,112,112,10,100,1576,617519,740601,740752,
ECOMG-xor,224,0,112,112,10,100,1722,631249,756649,756771,
ECOMG-xor,224,0,112,112,10,100,1613,617665,739769,739902,
ECOMG-xor,224,0,112,112,10,100,1640,620487,742607,742750,
ECOMG-xor,224,0,112,112,10,100,1662,615060,738749,738894,
ECOMG-xor,256,0,128,128,10,100,1372,713206,850731,850851,
ECOMG-xor,256,0,128,128,10,100,1396,705330,841999,842151,
ECOMG-xor,256,0,128,128,10,100,1391,708542,847174,847311,
ECOMG-xor,256,0,128,128,10,100,1331,705743,843394,843541,
ECOMG-xor,256,0,128,128,10,100,1306,704548,842360,842496,
ECOMG-xor,256,0,128,128,10,100,1337,704650,840575,840710,
ECOMG-xor,256,0,128,128,10,100,1347,707818,844858,845025,
ECOMG-xor,256,0,128,128,10,100,1425,713083,850523,850663,
ECOMG-xor,256,0,128,128,10,100,1437,715151,856070,856213,
ECOMG-xor,256,0,128,128,10,100,1406,711903,850436,850572,
ECOMG-xor,384,0,192,192,10,100,2113,1128186,1352633,1352762,
ECOMG-xor,384,0,192,192,10,100,2136,1136772,1360826,1360962,
ECOMG-xor,384,0,192,192,10,100,2209,1142172,1369139,1369313,
ECOMG-xor,384,0,192,192,10,100,2081,1129959,1352829,1352977,
ECOMG-xor,384,0,192,192,10,100,2144,1135705,1360310,1360463,
ECOMG-xor,384,0,192,192,10,100,2116,1138688,1364313,1364460,
ECOMG-xor,384,0,192,192,10,100,2079,1139476,1364623,1364767,
ECOMG-xor,384,0,192,192,10,100,2137,1137565,1362379,1362510,
ECOMG-xor,384,0,192,192,10,100,2097,1139143,1363761,1363907,
ECOMG-xor,384,0,192,192,10,100,2088,1129173,1353713,1353856,
ECOMG-xor,521,0,256,256,10,100,4230,2137481,2570747,2570895,
ECOMG-xor,521,0,256,256,10,100,4147,2141582,2572767,2572899,
ECOMG-xor,521,0,256,256,10,100,4370,2140707,2570465,2570582,
ECOMG-xor,521,0,256,256,10,100,4254,2139854,2574315,2574484,
ECOMG-xor,521,0,256,256,10,100,4210,2139010,2569252,2569394,
ECOMG-xor,521,0,256,256,10,100,4207,2129951,2557705,2557858,
ECOMG-xor,521,0,256,256,10,100,4228,2144309,2575297,2575460,
ECOMG-xor,521,0,256,256,10,100,4207,2136476,2569054,2569201,
ECOMG-xor,521,0,256,256,10,100,4243,2140753,2571458,2571616,
ECOMG-xor,521,0,256,256,10,100,4316,2140052,2574271,2574437,
ECOMG-aes256cbc,160,0,80,80,10,100,1826,357562,431714,431864,
ECOMG-aes256cbc,160,0,80,80,10,100,2004,360523,433991,434136,
ECOMG-aes256cbc,160,0,80,80,10,100,1935,357283,430958,431114,
ECOMG-aes256cbc,160,0,80,80,10,100,1922,355605,428947,429072,
ECOMG-aes256cbc,160,0,80,80,10,100,1854,354879,426556,426708,
ECOMG-aes256cbc,160,0,80,80,10,100,1817,355083,428795,428930,
ECOMG-aes256cbc,160,0,80,80,10,100,1968,357283,431279,431431,
ECOMG-aes256cbc,160,0,80,80,10,100,1836,354106,426568,426692,
ECOMG-aes256cbc,160,0,80,80,10,100,1861,356287,428846,428993,
ECOMG-aes256cbc,160,0,80,80,10,100,1870,355479,427789,427924,
ECOMG-aes256cbc,192,0,96,96,10,100,1950,455108,539287,539415,
ECOMG-aes256cbc,192,0,96,96,10,100,1976,453816,537396,537540,
ECOMG-aes256cbc,192,0,96,96,10,100,2071,455934,539936,540080,
ECOMG-aes256cbc,192,0,96,96,10,100,1951,455836,539890,540025,
ECOMG-aes256cbc,192,0,96,96,10,100,1901,454335,537640,537780,
ECOMG-aes256cbc,192,0,96,96,10,100,1979,456247,541560,541695,
ECOMG-aes256cbc,192,0,96,96,10,100,1951,453529,537281,537409,
ECOMG-aes256cbc,192,0,96,96,10,100,1964,454751,540022,540156,
ECOMG-aes256cbc,192,0,96,96,10,100,1998,455663,539311,539466,
ECOMG-aes256cbc,192,0,96,96,10,100,2028,455192,540473,540627,
ECOMG-aes256cbc,224,0,112,112,10,100,2166,617371,740075,740206,
ECOMG-aes256cbc,224,0,112,112,10,100,2041,619848,742618,742765,
ECOMG-aes256cbc,224,0,112,112,10,100,2250,621414,744364,744504,
ECOMG-aes256cbc,224,0,112,112,10,100,2095,619828,742416,742555,
ECOMG-aes256cbc,224,0,112,112,10,100,2291,623130,747280,747413,
ECOMG-aes256cbc,224,0,112,112,10,100,2052,617375,739689,739830,
ECOMG-aes256cbc,224,0,112,112,10,100,1968,616629,739976,740129,
ECOMG-aes256cbc,224,0,112,112,10,100,2285,620502,743086,743229,
ECOMG-aes256cbc,224,0,112,112,10,100,2099,618669,741980,742116,
ECOMG-aes256cbc,224,0,112,112,10,100,2039,616262,739324,739458,
ECOMG-aes256cbc,256,0,128,128,10,100,2167,703799,840000,840137,
ECOMG-aes256cbc,256,0,128,128,10,100,2197,703434,839323,839458,
ECOMG-aes256cbc,256,0,128,128,10,100,2226,705682,842922,843075,
ECOMG-aes256cbc,256,0,128,128,10,100,2244,705674,841546,841678,
ECOMG-aes256cbc,256,0,128,128,10,100,2141,708511,844440,844600,
ECOMG-aes256cbc,256,0,128,128,10,100,2175,705479,841360,841498,
ECOMG-aes256cbc,256,0,128,128,10,100,2267,707894,843203,843356,
ECOMG-aes256cbc,256,0,128,128,10,100,2419,715473,851612,851754,
ECOMG-aes256cbc,256,0,128,128,10,100,2148,708710,844112,844241,
ECOMG-aes256cbc,256,0,128,128,10,100,2316,705060,841646,841784,
ECOMG-aes256cbc,384,0,192,192,10,100,3035,1135229,1358392,1358540,
ECOMG-aes256cbc,384,0,192,192,10,100,3077,1141024,1364260,1364403,
ECOMG-aes256cbc,384,0,192,192,10,100,3165,1138634,1362832,1362991,
ECOMG-aes256cbc,384,0,192,192,10,100,3039,1131770,1354489,1354628,
ECOMG-aes256cbc,384,0,192,192,10,100,2997,1131401,1354627,1354764,
ECOMG-aes256cbc,384,0,192,192,10,100,3173,1136871,1360635,1360799,
ECOMG-aes256cbc,384,0,192,192,10,100,3072,1128179,1350532,1350674,
ECOMG-aes256cbc,384,0,192,192,10,100,3113,1137245,1361576,1361726,
ECOMG-aes256cbc,384,0,192,192,10,100,3028,1135639,1360339,1360486,
ECOMG-aes256cbc,384,0,192,192,10,100,3060,1132888,1357939,1358073,
ECOMG-aes256cbc,521,0,256,256,10,100,4362,2130625,2560588,2560732,
ECOMG-aes256cbc,521,0,256,256,10,100,4757,2148008,2580163,2580308,
ECOMG-aes256cbc,521,0,256,256,10,100,4737,2157088,2586962,2587105,
ECOMG-aes256cbc,521,0,256,256,10,100,4376,2134922,2558685,2558832,
ECOMG-aes256cbc,521,0,256,256,10,100,4386,2136029,2562984,2563144,
ECOMG-aes256cbc,521,0,256,256,10,100,4480,2137407,2569455,2569594,
ECOMG-aes256cbc,521,0,256,256,10,100,4245,2127061,2558587,2558737,
ECOMG-aes256cbc,521,0,256,256,10,100,4480,2140157,2568514,2568648,
ECOMG-aes256cbc,521,0,256,256,10,100,4448,2137792,2563037,2563176,
ECOMG-aes256cbc,521,0,256,256,10,100,4445,2144039,2576584,2576727,
